14.662599,4.088664,29.568771,7.047093,7.613938,metal
14.655058,3.993358,28.157830,6.076170,6.723277,metal
14.598509,4.924182,33.550707,2.269363,11.347165,metal
14.561674,5.346449,30.526913,4.302986,11.126935,metal
14.627912,4.140891,30.105781,0.076141,11.865674,metal
14.201571,8.295786,53.719884,3.191342,22.883531,metal
14.553852,5.359289,34.076214,4.328632,12.434867,metal
14.522687,5.380774,36.960522,6.814644,12.670515,metal
14.407567,6.794098,44.504192,3.730874,16.441664,metal
14.730202,2.726521,22.519443,5.153120,5.456505,metal
14.708357,2.962862,25.605139,2.691270,8.297226,metal
14.756514,1.916618,24.319190,5.725537,6.942838,metal
14.734833,2.578893,22.778756,7.562613,6.879743,metal
14.676582,3.425190,26.901705,0.099885,8.333590,metal
14.611410,4.659980,31.415741,0.053009,9.272903,metal
14.682002,3.502134,28.743039,5.898673,9.511857,metal
14.650796,4.091993,28.962607,3.948375,6.993807,metal
14.487755,5.354529,35.934590,4.674523,16.585528,metal
14.731083,2.756154,24.549807,5.887634,5.317478,metal
14.287642,7.292337,42.180241,0.094141,15.455174,metal
14.364750,6.772483,45.809816,0.321419,19.360018,metal
14.381511,7.307879,43.746433,3.987061,19.312112,metal
14.442674,6.652245,36.152347,3.039818,15.586707,metal
14.546529,5.202284,35.340225,4.473199,12.967401,metal
14.689325,3.244642,26.072204,4.276905,8.940112,metal
14.503246,5.770611,34.045929,2.235293,14.258822,metal
14.651539,4.138680,26.604569,1.195425,9.747280,metal
14.588309,4.990282,32.386817,1.246464,10.747478,metal
14.712077,3.079358,25.667539,7.596438,7.024091,metal
14.466119,6.212809,36.259042,2.378587,16.901337,metal
14.575941,5.057430,34.058504,4.116316,11.996067,metal
14.574900,4.914450,32.001526,5.367030,10.228491,metal
14.508085,5.654924,33.287572,0.178008,12.504182,metal
14.673007,3.778140,34.339793,5.896897,6.692271,metal
14.436754,6.577832,41.281296,0.214508,15.413375,metal
14.558683,5.364301,38.763035,0.137727,11.332984,metal
14.371883,6.848179,33.489037,2.803258,14.193016,metal
14.633021,4.447531,32.094393,6.517549,9.925660,metal
13.581028,12.052871,52.032580,0.002443,21.016259,metal
14.208434,9.145763,56.640590,1.076238,11.297336,metal
14.481625,6.157466,38.373075,4.242536,13.679938,metal
14.538463,5.350217,33.346100,3.269772,13.183902,metal
14.547099,5.552973,37.422722,3.849697,14.156266,metal
14.226048,8.166639,42.377449,0.061563,14.045933,metal
14.409676,6.704044,41.028843,3.478934,15.447519,metal
14.249019,8.257296,45.661962,0.021015,14.345852,metal
14.668895,3.330135,26.245723,7.395130,9.966966,metal
14.593302,4.512364,34.226473,5.855622,14.805105,metal
14.656159,3.986221,30.616075,6.122541,10.512359,metal
14.666023,3.553146,32.726487,6.841639,12.473085,metal
14.603205,4.318569,35.070152,7.193685,13.264047,metal
14.611554,4.454499,34.096145,6.848984,10.562040,metal
14.469791,5.968448,37.629897,1.940030,13.903632,metal
14.475905,5.575375,39.223649,6.183484,14.982592,metal
14.615771,3.948241,36.541227,6.770890,12.732894,metal
14.626708,4.157147,33.892064,6.950506,12.776648,metal
14.618487,4.387812,35.561786,5.870991,15.331869,metal
14.560293,5.275459,39.866588,3.998736,17.157419,metal
14.583006,4.652827,34.896737,5.596400,13.207845,metal
14.638549,4.326046,32.185137,4.842908,12.595205,metal
14.550349,5.536258,40.490448,6.291808,15.590237,metal
14.481625,6.157466,38.373075,4.242536,13.679938,metal
14.538463,5.350217,33.346100,3.269772,13.183902,metal
14.547099,5.552973,37.422722,3.849697,14.156266,metal
14.226048,8.166639,42.377449,0.061563,14.045933,metal
14.409676,6.704044,41.028843,3.478934,15.447519,metal
14.249019,8.257296,45.661962,0.021015,14.345852,metal
14.310825,7.772702,43.512050,3.927082,19.214074,metal
14.279351,7.807591,39.986282,0.010961,14.761978,metal
14.655262,3.888380,26.942849,3.626463,8.237189,metal
13.490112,12.829004,58.454283,0.183002,26.312721,metal
14.157000,8.764573,41.916892,0.057827,19.169507,metal
14.656954,3.929755,26.326724,4.977731,8.684426,metal
14.623673,4.391080,32.398809,6.311931,9.389802,metal
14.532895,5.784568,36.529084,5.650188,12.307353,metal
14.299272,8.085027,45.716356,1.559642,13.586391,metal
13.972638,10.200280,60.310256,3.198236,28.469687,metal
14.605192,4.638466,30.392130,3.499573,10.884693,metal
14.602758,4.402174,30.845123,5.068771,12.004759,metal
14.190833,8.480543,43.817381,0.174013,16.554661,metal
12.985540,15.383020,84.737391,0.064267,42.541033,notmetal
14.375111,7.043492,33.611468,1.889935,14.941630,notmetal
14.224674,8.624701,68.744843,0.481853,29.708735,notmetal
13.137417,16.010447,148.999296,1.061909,64.379390,notmetal
13.397975,13.468294,79.248377,0.004544,22.386470,notmetal
14.327684,7.587825,41.923988,0.922763,12.622672,notmetal
14.051629,9.729871,55.360207,0.200760,22.095620,notmetal
13.796339,11.458181,70.356360,0.600292,26.169521,notmetal
13.573428,12.718344,70.377055,0.043623,23.687531,notmetal
13.243773,15.494364,125.527107,0.029928,39.462331,notmetal
13.478136,13.385187,68.184298,0.220250,12.936308,notmetal
14.015148,10.157585,55.541806,0.607443,16.175040,notmetal
13.596420,12.933254,81.342614,0.267536,7.480101,notmetal
12.411848,18.835499,150.395670,0.000941,46.364639,notmetal
13.548520,12.385953,56.708385,0.067024,19.440247,notmetal
13.651619,12.782921,93.440336,0.235376,21.617354,notmetal
13.115228,16.187285,129.080836,0.224168,19.140493,notmetal
13.203654,15.266813,101.676908,0.393394,12.886131,notmetal
11.419525,23.924364,177.712996,0.151513,25.364213,notmetal
12.823245,16.160572,84.918000,0.139583,29.252933,notmetal
14.307342,6.364511,39.164612,0.888448,11.799207,notmetal
14.408282,7.265782,43.751192,2.559916,18.826236,notmetal
13.584568,12.270103,65.843595,0.079215,23.861849,notmetal
14.397931,7.102994,46.970019,0.888682,15.584091,notmetal
14.289621,8.191169,52.985007,0.706736,18.201080,notmetal
14.361150,7.310095,36.092305,0.628527,16.942833,notmetal
14.327393,7.429763,40.080682,1.777512,15.045028,notmetal
14.332337,7.490317,41.399741,0.795763,12.546412,notmetal
14.246955,8.488646,52.582124,0.926117,10.974365,notmetal
14.013216,9.686649,60.213719,0.177051,28.566412,notmetal
14.150392,9.270866,48.073779,1.208866,16.877647,notmetal
13.846383,10.551397,57.305730,0.981178,24.943967,notmetal
13.566239,12.638277,56.805876,0.637926,27.511936,notmetal
14.446468,6.344033,36.391406,0.983680,15.000124,notmetal
13.340782,12.872052,65.231265,0.004670,31.376017,notmetal
14.300683,7.858705,40.954810,0.714250,18.070553,notmetal
13.828633,10.180206,41.484428,0.157955,20.396950,notmetal
14.102925,9.196765,46.199914,1.745900,19.997671,notmetal
13.694747,11.236658,60.192626,0.688431,30.701652,notmetal
13.683018,11.419317,50.083284,0.566502,21.428208,notmetal
14.101770,9.213651,60.910713,0.204333,26.399684,notmetal
13.662158,11.981896,60.886639,0.297053,27.134087,notmetal
14.314708,7.929189,48.281871,3.138733,20.408547,notmetal
13.184765,14.770345,68.350398,0.055291,31.865254,notmetal
14.158854,8.770082,41.327377,0.227937,14.607387,notmetal
13.486312,11.311458,69.219510,0.000002,21.007999,notmetal
13.486312,11.311458,69.219510,0.000002,21.007999,notmetal
13.939124,10.072291,54.082147,0.165132,21.770181,notmetal
13.904425,9.852189,44.577684,0.593452,18.816424,notmetal
13.321128,13.650267,57.504854,0.021167,24.993130,notmetal
13.924118,10.730252,74.761943,0.471636,31.499954,notmetal
13.969695,10.480357,66.737972,0.995069,17.613078,notmetal
14.282067,7.982004,43.128939,1.542353,13.751589,notmetal
14.314292,7.362600,35.855681,0.908755,13.432670,notmetal
13.321531,14.754969,135.386874,0.395829,54.149113,notmetal
13.463055,13.755815,67.804706,0.086658,22.890855,notmetal
14.034121,10.039723,76.759009,0.706725,29.607652,notmetal
13.982975,9.903306,43.396606,0.519476,14.890255,notmetal
13.530299,13.649120,86.908853,0.365822,32.635583,notmetal
13.728369,11.653604,76.810749,0.149985,29.635010,notmetal
14.074471,9.441114,47.615841,0.268962,22.247045,notmetal
13.222516,14.412405,69.163687,0.136204,31.419716,notmetal
13.607688,12.400600,72.571344,0.008460,31.984056,notmetal
13.972123,9.853728,42.562977,0.298403,19.928974,notmetal
13.733147,11.382054,52.709397,0.042977,26.227038,notmetal
14.163349,9.157392,46.305101,1.408789,15.009029,notmetal
13.891734,10.049413,42.438971,0.086513,16.727964,notmetal
12.841301,16.570031,81.193172,0.069516,32.577578,notmetal
14.069128,9.447689,47.266436,0.181063,21.212178,notmetal
14.290618,8.253974,63.436906,2.905449,28.802683,notmetal
13.256021,13.225158,66.093070,0.076556,31.439514,notmetal
13.961325,9.919606,61.955876,0.051383,32.886736,notmetal
13.875621,10.681237,47.975343,0.341976,17.757526,notmetal
12.612832,17.204896,90.861482,0.155709,47.049570,notmetal
13.826018,11.171126,52.696028,0.198915,22.051354,notmetal
13.886452,10.275932,65.466863,0.187722,31.412087,notmetal
14.283314,7.821964,41.252712,0.603757,17.236789,notmetal
13.803692,10.974187,61.202934,0.125885,28.384133,notmetal
14.071248,9.139760,46.172137,0.108944,20.567895,notmetal
13.609369,11.653739,77.120187,0.023922,38.404582,notmetal
14.583894,4.961378,33.532685,3.010564,9.213872,notmetal
14.324540,7.718338,48.913652,1.602090,14.100153,notmetal
14.348955,7.722329,48.642594,1.938791,24.136091,notmetal
14.647048,4.089662,27.139523,4.502927,5.772996,notmetal
14.232998,9.025533,47.540603,0.719166,12.279506,notmetal
13.727831,11.785184,69.937113,0.454303,25.957469,notmetal
14.376760,7.236257,31.397258,0.118411,13.085610,notmetal
14.707850,3.066938,27.579785,6.638801,4.939555,notmetal
14.627241,4.511366,33.583088,2.726015,8.831764,notmetal
14.518720,5.829164,34.728493,3.426536,13.852284,notmetal
