13.919153,10.396473,51.257671,0.378174,17.526497,reggae
13.615047,12.687584,92.074612,0.581676,38.908247,reggae
13.618931,12.057110,66.489267,0.178199,35.906509,reggae
13.771898,10.859649,73.802532,0.097884,33.642555,reggae
13.630148,11.899191,59.863236,0.018073,29.504329,reggae
13.821689,10.678958,50.828145,0.239067,19.215295,reggae
13.826018,11.171126,52.696028,0.198915,22.051354,reggae
13.917593,10.303953,70.633453,0.280650,31.237685,reggae
13.812212,10.602497,61.789789,0.049700,25.104686,reggae
13.688391,11.641224,68.057696,0.030383,22.582407,reggae
13.176316,15.338526,102.268897,0.036077,35.042463,reggae
13.476482,12.867781,74.430513,0.161428,24.531452,reggae
13.483275,12.518431,62.680443,0.018260,29.300556,reggae
13.794695,10.901357,60.252822,0.086806,20.191960,reggae
13.591473,12.208246,88.374467,0.056682,25.995228,reggae
13.873398,10.611680,57.188348,0.280374,28.115772,reggae
14.417526,6.857051,39.495955,2.700825,13.903159,reggae
13.961325,9.919606,61.955876,0.051383,32.886736,reggae
13.677958,12.102042,81.318149,0.257315,37.204595,reggae
13.800966,11.245781,66.144751,0.062488,29.289956,reggae
14.123712,8.803613,50.774754,0.152823,21.362348,reggae
13.986722,9.863659,60.863178,1.001048,27.941770,reggae
14.438233,6.564503,36.032555,0.295569,12.733334,reggae
13.877147,10.152144,44.916418,0.101674,19.948110,reggae
13.886452,10.275932,65.466863,0.187722,31.412087,reggae
13.920559,10.407260,84.794115,0.039096,38.450126,reggae
13.930693,10.063862,61.017771,0.106516,28.141316,reggae
13.256021,13.225158,66.093070,0.076556,31.439514,reggae
13.474374,12.157109,69.850174,0.075197,33.562871,reggae
13.806268,10.630396,59.097886,0.327284,28.598522,reggae
13.647067,11.387819,69.863542,0.162698,32.482764,reggae
13.399834,12.237590,73.025605,0.258540,35.145331,reggae
12.969474,14.885944,81.455007,0.148724,44.307529,reggae
13.609369,11.653739,77.120187,0.023922,38.404582,reggae
13.357493,13.185013,64.029118,0.178305,34.890628,reggae
13.109217,14.269691,83.426154,0.029471,44.317960,reggae
12.612832,17.204896,90.861482,0.155709,47.049570,reggae
12.986071,13.350864,69.793410,0.013347,33.932744,reggae
13.599008,11.507178,73.785839,0.053940,39.360962,reggae
13.091447,14.985712,79.872677,0.025748,36.823487,reggae
13.071719,15.043370,70.528959,0.002022,23.352768,reggae
14.399474,6.695375,43.675496,0.212392,13.772453,reggae
13.506042,13.294317,74.438309,0.163644,26.832506,reggae
14.071282,9.842537,65.668498,0.228386,25.445801,reggae
14.009272,9.498215,54.968024,0.138441,27.110304,reggae
13.985643,10.059952,49.512478,0.075010,20.016010,reggae
14.222162,8.441730,38.346890,0.728723,15.986306,reggae
13.989615,10.115478,57.028399,0.071009,20.140121,reggae
14.283314,7.821964,41.252712,0.603757,17.236789,reggae
14.197459,8.210382,39.468394,0.331231,14.303754,reggae
13.775172,11.295101,66.641805,0.222692,31.536002,reggae
13.617509,11.358392,36.102899,0.175282,19.355059,reggae
13.774394,11.585986,54.066483,0.288437,24.954742,reggae
12.956457,15.470992,92.502034,0.025028,43.499453,reggae
13.815219,10.687794,69.968109,0.280723,34.875080,reggae
14.463637,6.359566,38.844301,3.113704,19.660796,reggae
13.875621,10.681237,47.975343,0.341976,17.757526,reggae
13.882867,10.565153,61.243124,0.158307,23.902618,reggae
13.906158,10.474327,68.039302,0.050939,18.111700,reggae
14.216688,8.275169,42.839678,0.454860,19.270082,reggae
13.101251,15.579932,88.824346,0.102902,35.337932,reggae
14.298003,7.400657,37.150933,0.055204,16.924832,reggae
13.481504,13.386364,76.880997,0.196066,35.671292,reggae
13.803692,10.974187,61.202934,0.125885,28.384133,reggae
14.354156,7.091675,30.243997,0.291787,13.676618,reggae
14.037995,9.412292,44.519329,0.163872,21.651426,reggae
13.936965,10.538941,62.259742,0.156687,30.937978,reggae
14.286423,7.779161,43.926285,1.316475,22.221583,reggae
13.892111,10.857193,59.001270,0.761325,22.184659,reggae
14.275942,7.960583,48.270850,0.240235,16.056621,reggae
14.334371,7.163153,45.630042,0.277311,18.774180,reggae
13.723897,12.095851,70.816989,0.073470,31.310473,reggae
13.740490,11.407693,59.476098,0.085561,25.754498,reggae
14.581912,5.046743,34.221832,0.743059,14.547770,reggae
14.582426,5.047639,34.222699,0.778032,14.548130,reggae
13.899696,10.834869,57.113585,0.411724,18.311221,reggae
14.071248,9.139760,46.172137,0.108944,20.567895,reggae
14.233652,8.010082,41.256613,0.718981,15.359145,reggae
14.212837,8.300184,44.043966,0.232845,19.483654,reggae
13.229933,13.996961,71.408717,0.305003,30.677343,reggae
12.985540,15.383020,84.737391,0.064267,42.541033,notreggae
14.375111,7.043492,33.611468,1.889935,14.941630,notreggae
14.224674,8.624701,68.744843,0.481853,29.708735,notreggae
13.137417,16.010447,148.999296,1.061909,64.379390,notreggae
13.397975,13.468294,79.248377,0.004544,22.386470,notreggae
14.327684,7.587825,41.923988,0.922763,12.622672,notreggae
14.051629,9.729871,55.360207,0.200760,22.095620,notreggae
13.796339,11.458181,70.356360,0.600292,26.169521,notreggae
13.573428,12.718344,70.377055,0.043623,23.687531,notreggae
13.243773,15.494364,125.527107,0.029928,39.462331,notreggae
13.478136,13.385187,68.184298,0.220250,12.936308,notreggae
14.015148,10.157585,55.541806,0.607443,16.175040,notreggae
13.596420,12.933254,81.342614,0.267536,7.480101,notreggae
12.411848,18.835499,150.395670,0.000941,46.364639,notreggae
13.548520,12.385953,56.708385,0.067024,19.440247,notreggae
13.651619,12.782921,93.440336,0.235376,21.617354,notreggae
13.115228,16.187285,129.080836,0.224168,19.140493,notreggae
13.203654,15.266813,101.676908,0.393394,12.886131,notreggae
11.419525,23.924364,177.712996,0.151513,25.364213,notreggae
12.823245,16.160572,84.918000,0.139583,29.252933,notreggae
14.307342,6.364511,39.164612,0.888448,11.799207,notreggae
14.408282,7.265782,43.751192,2.559916,18.826236,notreggae
13.584568,12.270103,65.843595,0.079215,23.861849,notreggae
14.397931,7.102994,46.970019,0.888682,15.584091,notreggae
14.289621,8.191169,52.985007,0.706736,18.201080,notreggae
14.361150,7.310095,36.092305,0.628527,16.942833,notreggae
14.327393,7.429763,40.080682,1.777512,15.045028,notreggae
14.332337,7.490317,41.399741,0.795763,12.546412,notreggae
14.246955,8.488646,52.582124,0.926117,10.974365,notreggae
14.013216,9.686649,60.213719,0.177051,28.566412,notreggae
14.150392,9.270866,48.073779,1.208866,16.877647,notreggae
13.846383,10.551397,57.305730,0.981178,24.943967,notreggae
13.566239,12.638277,56.805876,0.637926,27.511936,notreggae
14.446468,6.344033,36.391406,0.983680,15.000124,notreggae
13.340782,12.872052,65.231265,0.004670,31.376017,notreggae
14.300683,7.858705,40.954810,0.714250,18.070553,notreggae
13.828633,10.180206,41.484428,0.157955,20.396950,notreggae
14.102925,9.196765,46.199914,1.745900,19.997671,notreggae
13.694747,11.236658,60.192626,0.688431,30.701652,notreggae
13.683018,11.419317,50.083284,0.566502,21.428208,notreggae
14.101770,9.213651,60.910713,0.204333,26.399684,notreggae
13.662158,11.981896,60.886639,0.297053,27.134087,notreggae
14.314708,7.929189,48.281871,3.138733,20.408547,notreggae
13.184765,14.770345,68.350398,0.055291,31.865254,notreggae
14.158854,8.770082,41.327377,0.227937,14.607387,notreggae
13.486312,11.311458,69.219510,0.000002,21.007999,notreggae
13.486312,11.311458,69.219510,0.000002,21.007999,notreggae
13.939124,10.072291,54.082147,0.165132,21.770181,notreggae
13.904425,9.852189,44.577684,0.593452,18.816424,notreggae
13.321128,13.650267,57.504854,0.021167,24.993130,notreggae
13.924118,10.730252,74.761943,0.471636,31.499954,notreggae
13.969695,10.480357,66.737972,0.995069,17.613078,notreggae
14.282067,7.982004,43.128939,1.542353,13.751589,notreggae
14.314292,7.362600,35.855681,0.908755,13.432670,notreggae
13.321531,14.754969,135.386874,0.395829,54.149113,notreggae
13.463055,13.755815,67.804706,0.086658,22.890855,notreggae
14.034121,10.039723,76.759009,0.706725,29.607652,notreggae
13.982975,9.903306,43.396606,0.519476,14.890255,notreggae
13.530299,13.649120,86.908853,0.365822,32.635583,notreggae
13.728369,11.653604,76.810749,0.149985,29.635010,notreggae
14.538463,5.350217,33.346100,3.269772,13.183902,notreggae
14.547099,5.552973,37.422722,3.849697,14.156266,notreggae
14.287642,7.292337,42.180241,0.094141,15.455174,notreggae
14.201571,8.295786,53.719884,3.191342,22.883531,notreggae
14.574900,4.914450,32.001526,5.367030,10.228491,notreggae
14.561674,5.346449,30.526913,4.302986,11.126935,notreggae
14.550349,5.536258,40.490448,6.291808,15.590237,notreggae
14.409676,6.704044,41.028843,3.478934,15.447519,notreggae
14.611554,4.454499,34.096145,6.848984,10.562040,notreggae
14.640240,4.634634,42.161062,2.471477,14.185770,notreggae
14.074471,9.441114,47.615841,0.268962,22.247045,notreggae
13.222516,14.412405,69.163687,0.136204,31.419716,notreggae
13.607688,12.400600,72.571344,0.008460,31.984056,notreggae
13.972123,9.853728,42.562977,0.298403,19.928974,notreggae
13.733147,11.382054,52.709397,0.042977,26.227038,notreggae
14.163349,9.157392,46.305101,1.408789,15.009029,notreggae
13.891734,10.049413,42.438971,0.086513,16.727964,notreggae
12.841301,16.570031,81.193172,0.069516,32.577578,notreggae
14.069128,9.447689,47.266436,0.181063,21.212178,notreggae
14.290618,8.253974,63.436906,2.905449,28.802683,notreggae
14.583894,4.961378,33.532685,3.010564,9.213872,notreggae
14.324540,7.718338,48.913652,1.602090,14.100153,notreggae
14.348955,7.722329,48.642594,1.938791,24.136091,notreggae
14.647048,4.089662,27.139523,4.502927,5.772996,notreggae
14.232998,9.025533,47.540603,0.719166,12.279506,notreggae
13.727831,11.785184,69.937113,0.454303,25.957469,notreggae
14.376760,7.236257,31.397258,0.118411,13.085610,notreggae
14.707850,3.066938,27.579785,6.638801,4.939555,notreggae
14.627241,4.511366,33.583088,2.726015,8.831764,notreggae
14.518720,5.829164,34.728493,3.426536,13.852284,notreggae
