13.919153,10.396473,51.257671,0.378174,17.526497,reggae
13.615047,12.687584,92.074612,0.581676,38.908247,reggae
13.618931,12.057110,66.489267,0.178199,35.906509,reggae
13.771898,10.859649,73.802532,0.097884,33.642555,reggae
13.630148,11.899191,59.863236,0.018073,29.504329,reggae
13.821689,10.678958,50.828145,0.239067,19.215295,reggae
13.826018,11.171126,52.696028,0.198915,22.051354,reggae
13.917593,10.303953,70.633453,0.280650,31.237685,reggae
13.812212,10.602497,61.789789,0.049700,25.104686,reggae
13.688391,11.641224,68.057696,0.030383,22.582407,reggae
13.176316,15.338526,102.268897,0.036077,35.042463,reggae
13.476482,12.867781,74.430513,0.161428,24.531452,reggae
13.483275,12.518431,62.680443,0.018260,29.300556,reggae
13.794695,10.901357,60.252822,0.086806,20.191960,reggae
13.591473,12.208246,88.374467,0.056682,25.995228,reggae
13.873398,10.611680,57.188348,0.280374,28.115772,reggae
14.417526,6.857051,39.495955,2.700825,13.903159,reggae
13.961325,9.919606,61.955876,0.051383,32.886736,reggae
13.677958,12.102042,81.318149,0.257315,37.204595,reggae
13.800966,11.245781,66.144751,0.062488,29.289956,reggae
14.123712,8.803613,50.774754,0.152823,21.362348,reggae
13.986722,9.863659,60.863178,1.001048,27.941770,reggae
14.438233,6.564503,36.032555,0.295569,12.733334,reggae
13.877147,10.152144,44.916418,0.101674,19.948110,reggae
13.886452,10.275932,65.466863,0.187722,31.412087,reggae
13.920559,10.407260,84.794115,0.039096,38.450126,reggae
13.930693,10.063862,61.017771,0.106516,28.141316,reggae
13.256021,13.225158,66.093070,0.076556,31.439514,reggae
13.474374,12.157109,69.850174,0.075197,33.562871,reggae
13.806268,10.630396,59.097886,0.327284,28.598522,reggae
13.647067,11.387819,69.863542,0.162698,32.482764,reggae
13.399834,12.237590,73.025605,0.258540,35.145331,reggae
12.969474,14.885944,81.455007,0.148724,44.307529,reggae
13.609369,11.653739,77.120187,0.023922,38.404582,reggae
13.357493,13.185013,64.029118,0.178305,34.890628,reggae
13.109217,14.269691,83.426154,0.029471,44.317960,reggae
12.612832,17.204896,90.861482,0.155709,47.049570,reggae
12.986071,13.350864,69.793410,0.013347,33.932744,reggae
13.599008,11.507178,73.785839,0.053940,39.360962,reggae
13.091447,14.985712,79.872677,0.025748,36.823487,reggae
13.071719,15.043370,70.528959,0.002022,23.352768,reggae
14.399474,6.695375,43.675496,0.212392,13.772453,reggae
13.506042,13.294317,74.438309,0.163644,26.832506,reggae
14.071282,9.842537,65.668498,0.228386,25.445801,reggae
14.009272,9.498215,54.968024,0.138441,27.110304,reggae
13.985643,10.059952,49.512478,0.075010,20.016010,reggae
14.222162,8.441730,38.346890,0.728723,15.986306,reggae
13.989615,10.115478,57.028399,0.071009,20.140121,reggae
14.283314,7.821964,41.252712,0.603757,17.236789,reggae
14.197459,8.210382,39.468394,0.331231,14.303754,reggae
13.775172,11.295101,66.641805,0.222692,31.536002,reggae
13.617509,11.358392,36.102899,0.175282,19.355059,reggae
13.774394,11.585986,54.066483,0.288437,24.954742,reggae
12.956457,15.470992,92.502034,0.025028,43.499453,reggae
13.815219,10.687794,69.968109,0.280723,34.875080,reggae
14.463637,6.359566,38.844301,3.113704,19.660796,reggae
13.875621,10.681237,47.975343,0.341976,17.757526,reggae
13.882867,10.565153,61.243124,0.158307,23.902618,reggae
13.906158,10.474327,68.039302,0.050939,18.111700,reggae
14.216688,8.275169,42.839678,0.454860,19.270082,reggae
13.101251,15.579932,88.824346,0.102902,35.337932,reggae
14.298003,7.400657,37.150933,0.055204,16.924832,reggae
13.481504,13.386364,76.880997,0.196066,35.671292,reggae
13.803692,10.974187,61.202934,0.125885,28.384133,reggae
14.354156,7.091675,30.243997,0.291787,13.676618,reggae
14.037995,9.412292,44.519329,0.163872,21.651426,reggae
13.936965,10.538941,62.259742,0.156687,30.937978,reggae
14.286423,7.779161,43.926285,1.316475,22.221583,reggae
13.892111,10.857193,59.001270,0.761325,22.184659,reggae
14.275942,7.960583,48.270850,0.240235,16.056621,reggae
14.334371,7.163153,45.630042,0.277311,18.774180,reggae
13.723897,12.095851,70.816989,0.073470,31.310473,reggae
13.740490,11.407693,59.476098,0.085561,25.754498,reggae
14.581912,5.046743,34.221832,0.743059,14.547770,reggae
14.582426,5.047639,34.222699,0.778032,14.548130,reggae
13.899696,10.834869,57.113585,0.411724,18.311221,reggae
14.071248,9.139760,46.172137,0.108944,20.567895,reggae
14.233652,8.010082,41.256613,0.718981,15.359145,reggae
14.212837,8.300184,44.043966,0.232845,19.483654,reggae
13.229933,13.996961,71.408717,0.305003,30.677343,reggae
13.488968,12.900463,63.512940,0.044253,27.833496,reggae
13.258679,13.511614,67.864144,0.044249,29.207289,reggae
13.258679,13.511614,67.864144,0.044249,29.207289,reggae
13.493777,13.525615,84.427613,0.519893,14.901909,reggae
14.215678,8.096559,46.692838,0.630498,18.506371,reggae
13.807199,10.996228,58.223610,0.105677,20.318546,reggae
14.045081,7.744213,24.756176,0.258014,11.075992,reggae
13.670041,11.955491,58.607797,0.065909,25.322346,reggae
14.100297,8.992685,59.885507,0.376477,29.637990,reggae
14.090205,9.114995,37.905257,0.339591,14.866732,reggae
14.375037,7.115017,39.264482,1.152944,14.912114,notreggae
14.301875,7.649277,43.013908,1.534152,17.360751,notreggae
14.389319,6.996373,35.366222,1.396938,15.304376,notreggae
13.629017,12.443188,62.337897,0.366942,23.180131,notreggae
14.514638,5.229269,37.737900,5.093920,17.887675,notreggae
14.469446,6.164638,30.434993,0.872115,11.656096,notreggae
12.865963,16.539441,91.252385,0.141721,18.724065,notreggae
13.448974,13.691528,94.775013,0.034859,40.963085,notreggae
13.502547,13.362077,76.598062,0.083193,34.932237,notreggae
14.332171,7.475523,35.721782,1.081602,14.342892,notreggae
13.478136,13.385187,68.184298,0.220250,12.936308,notreggae
13.178212,15.982826,117.353802,0.185385,10.291003,notreggae
14.669997,4.299628,37.422989,3.356870,12.598281,notreggae
13.701692,12.449053,79.914489,0.353005,16.273572,notreggae
12.602187,18.290173,99.809986,0.435184,30.144070,notreggae
13.506960,12.988543,66.172553,0.051969,18.466585,notreggae
12.473132,19.175963,148.856977,0.107559,41.796963,notreggae
12.719364,17.290645,148.662743,0.244338,60.849712,notreggae
12.026378,20.596002,125.028955,0.006457,33.385599,notreggae
13.218375,16.197594,130.983150,1.117721,27.762415,notreggae
14.244034,8.411093,40.250221,1.030095,16.648209,notreggae
13.602692,12.400694,76.720125,0.596349,30.196767,notreggae
14.386265,7.153185,42.467664,1.315243,19.553677,notreggae
14.327393,7.429763,40.080682,1.777512,15.045028,notreggae
14.410666,6.702319,39.377262,2.634347,18.019407,notreggae
13.182010,14.617620,62.042952,0.459639,20.092315,notreggae
14.332337,7.490317,41.399741,0.795763,12.546412,notreggae
14.484276,5.754779,40.230629,2.851446,13.912109,notreggae
14.565304,5.188667,30.946156,2.342672,13.073135,notreggae
14.404375,6.726439,43.238420,1.561091,11.005292,notreggae
14.407360,6.786770,41.229773,0.678544,13.066398,notreggae
14.225670,8.005692,36.798377,1.515526,16.897959,notreggae
14.336243,6.053814,30.157119,1.658228,13.768240,notreggae
14.027693,9.514224,47.970884,0.102821,23.955487,notreggae
13.524427,12.269308,61.540650,0.136659,30.713540,notreggae
13.993238,9.747383,43.403826,0.414452,20.582148,notreggae
14.102925,9.196765,46.199914,1.745900,19.997671,notreggae
14.008233,9.792228,48.412185,1.473515,20.968379,notreggae
14.556011,5.421303,32.884408,4.078554,12.337257,notreggae
14.446468,6.344033,36.391406,0.983680,15.000124,notreggae
14.158854,8.770082,41.327377,0.227937,14.607387,notreggae
14.180153,8.831485,46.025786,1.122633,19.686530,notreggae
13.643253,11.704705,58.614046,0.799869,27.167031,notreggae
14.602148,4.509882,28.138850,3.250514,10.997718,notreggae
13.230887,13.570650,72.847639,0.120853,33.688202,notreggae
14.046591,9.795427,55.477020,1.226504,25.409109,notreggae
13.314024,13.207857,57.227815,0.003492,26.166241,notreggae
13.639350,10.404699,51.095910,-0.000000,23.958599,notreggae
13.804712,10.543369,41.821994,0.042779,16.274833,notreggae
14.204679,8.708432,49.036200,2.575519,21.549327,notreggae
13.530299,13.649120,86.908853,0.365822,32.635583,notreggae
13.463055,13.755815,67.804706,0.086658,22.890855,notreggae
14.279836,8.295738,73.873781,0.548722,29.982736,notreggae
14.140612,8.245894,38.128421,0.626513,13.964087,notreggae
13.321531,14.754969,135.386874,0.395829,54.149113,notreggae
13.946753,10.848712,74.357767,0.714983,25.513117,notreggae
14.308117,7.663970,56.534291,1.424131,26.179407,notreggae
14.269233,8.210661,62.114471,0.900104,17.299538,notreggae
14.346847,7.549272,42.484067,1.601193,12.634162,notreggae
14.306879,7.747746,40.761473,0.540043,12.006250,notreggae
14.603205,4.318569,35.070152,7.193685,13.264047,notreggae
14.279351,7.807591,39.986282,0.010961,14.761978,notreggae
14.532895,5.784568,36.529084,5.650188,12.307353,notreggae
14.561674,5.346449,30.526913,4.302986,11.126935,notreggae
14.656954,3.929755,26.326724,4.977731,8.684426,notreggae
13.581028,12.052871,52.032580,0.002443,21.016259,notreggae
14.633021,4.447531,32.094393,6.517549,9.925660,notreggae
14.611554,4.454499,34.096145,6.848984,10.562040,notreggae
14.558683,5.364301,38.763035,0.137727,11.332984,notreggae
14.190833,8.480543,43.817381,0.174013,16.554661,notreggae
13.891734,10.049413,42.438971,0.086513,16.727964,notreggae
13.755455,11.048797,52.814075,0.010139,23.569790,notreggae
13.975146,9.909267,42.991922,0.146387,18.530199,notreggae
14.545537,5.304817,27.739925,1.251748,12.143550,notreggae
14.222985,8.407576,41.658461,0.406717,15.737768,notreggae
14.100197,9.202009,51.367686,0.250287,23.916972,notreggae
13.887576,10.867523,61.573005,0.705587,26.774422,notreggae
13.852150,10.457201,43.882911,0.044501,16.294083,notreggae
14.196894,8.509799,38.919920,0.713677,15.770291,notreggae
14.325941,7.519318,45.519383,1.013082,14.983939,notreggae
14.458656,6.333887,38.500585,2.222086,16.361969,notreggae
14.452815,6.240981,43.263502,0.765893,12.685210,notreggae
14.228379,8.317542,47.464624,0.919815,19.890616,notreggae
13.770590,11.678794,78.982178,0.721545,38.625669,notreggae
14.104838,9.332505,46.396819,0.056815,14.342524,notreggae
12.755415,17.920584,128.753163,0.383538,56.166528,notreggae
14.398817,7.016647,41.398239,1.756009,16.011595,notreggae
14.148980,8.958901,44.764834,0.250146,17.338107,notreggae
14.122076,9.131433,49.120857,0.011479,20.026280,notreggae
13.950367,10.277418,61.452124,0.233877,28.143322,notreggae
