14.012824,10.042978,65.473609,0.513665,21.195930,blues
13.760727,11.411311,72.004892,0.038397,27.454825,blues
14.327684,7.587825,41.923988,0.922763,12.622672,blues
13.639835,12.432567,63.276233,0.085622,20.217695,blues
13.666344,12.448099,89.971526,0.127353,29.152399,blues
13.243773,15.494364,125.527107,0.029928,39.462331,blues
13.192357,14.659955,109.248379,0.009280,38.674663,blues
13.502547,13.362077,76.598062,0.083193,34.932237,blues
14.375037,7.115017,39.264482,1.152944,14.912114,blues
12.865963,16.539441,91.252385,0.141721,18.724065,blues
13.229170,15.158135,89.425460,0.009035,17.932177,blues
13.026962,15.390656,104.210346,0.037201,26.775781,blues
13.629017,12.443188,62.337897,0.366942,23.180131,blues
13.401257,14.180968,98.191043,0.628072,39.495765,blues
12.677202,17.275466,144.069904,0.302497,70.131778,blues
13.116118,15.712314,145.937932,0.173249,48.144728,blues
13.255650,14.553743,89.673417,0.487092,33.985136,blues
13.636437,12.453354,80.180541,0.838303,34.150835,blues
12.997022,16.613028,143.588070,0.508840,37.402485,blues
13.576285,12.934231,89.708068,0.514974,29.845486,blues
12.911799,16.489350,128.718898,0.472805,38.336964,blues
13.528741,13.315106,84.094613,0.711419,26.693431,blues
13.608273,12.895926,105.678523,0.369862,36.239618,blues
13.421453,13.606601,66.516166,0.455142,26.903706,blues
13.463686,13.692504,89.747642,0.321949,34.122097,blues
13.137417,16.010447,148.999296,1.061909,64.379390,blues
11.493462,23.662148,199.703028,0.214322,37.040049,blues
13.796339,11.458181,70.356360,0.600292,26.169521,blues
13.098001,15.323822,102.002110,0.263991,34.854592,blues
13.573428,12.718344,70.377055,0.043623,23.687531,blues
14.231943,8.565599,53.648892,0.997633,19.863710,blues
14.173602,9.303127,56.611839,0.861947,16.416655,blues
13.397975,13.468294,79.248377,0.004544,22.386470,blues
14.173481,8.816055,52.890881,1.181831,24.645520,blues
14.051629,9.729871,55.360207,0.200760,22.095620,blues
14.243009,8.124572,42.082701,1.014633,19.402102,blues
14.246558,8.390674,51.370451,0.288404,19.570724,blues
12.985540,15.383020,84.737391,0.064267,42.541033,blues
14.188981,8.904122,56.194058,0.334873,16.579048,blues
13.382942,14.457776,134.653261,0.078233,68.149526,blues
14.482114,5.892661,34.439519,4.583870,13.370715,blues
14.470076,6.259543,40.041860,3.571092,16.315053,blues
14.507301,5.905995,48.397712,5.051698,20.005145,blues
14.308197,7.581013,48.936522,3.695377,18.003148,blues
14.560795,4.555098,35.531636,4.832930,13.186260,blues
14.514638,5.229269,37.737900,5.093920,17.887675,blues
14.240195,7.972763,53.900545,0.237402,20.198198,blues
14.538101,5.624763,53.023356,4.110854,19.805046,blues
14.458067,6.427657,35.767198,3.838067,12.395984,blues
14.497171,6.058903,42.018703,1.623876,17.972576,blues
14.177142,8.743555,41.387916,0.827366,17.108488,blues
14.521715,5.710335,33.394987,3.432696,14.191005,blues
13.448974,13.691528,94.775013,0.034859,40.963085,blues
14.109252,9.048220,49.538846,0.367767,19.615297,blues
14.301875,7.649277,43.013908,1.534152,17.360751,blues
13.943242,10.208661,52.607050,0.213060,27.707203,blues
13.874968,10.911002,74.156917,0.358802,37.531399,blues
14.187876,8.390448,46.609227,0.112703,21.209355,blues
13.920471,10.609775,59.111940,0.348269,20.853796,blues
13.937497,10.259003,55.692690,0.614658,26.185812,blues
14.274033,7.770781,43.617478,1.274723,17.226258,blues
14.591412,4.840035,29.734820,3.552701,11.337700,blues
14.371647,6.830629,34.061296,0.644675,13.533548,blues
14.013283,9.849661,42.739712,0.768285,21.125261,blues
14.553538,5.120594,26.025227,2.214130,9.838506,blues
14.375111,7.043492,33.611468,1.889935,14.941630,blues
14.488281,6.140469,35.212144,1.662295,12.219562,blues
14.587245,4.816403,28.013750,3.123684,9.797732,blues
14.289612,7.469363,38.645303,1.667394,15.669627,blues
14.453289,6.623904,38.166962,2.195973,16.369018,blues
14.312684,7.546050,41.555358,1.250983,16.949850,blues
14.634159,4.105934,25.697715,2.959837,10.388577,blues
14.581247,5.100372,28.318720,3.139012,10.000872,blues
14.389319,6.996373,35.366222,1.396938,15.304376,blues
14.231486,8.218471,58.604880,0.069017,24.352439,blues
13.776715,10.765755,54.078900,0.193591,24.293385,blues
14.332171,7.475523,35.721782,1.081602,14.342892,blues
14.301980,7.451079,34.664257,0.860086,14.170823,blues
14.458956,5.740424,31.935424,2.413151,10.542129,blues
14.590213,4.480622,26.919171,3.480567,11.630658,blues
14.166855,8.664823,36.829409,0.565870,14.984552,blues
14.416879,6.618961,29.474022,0.030515,11.185781,blues
14.469446,6.164638,30.434993,0.872115,11.656096,blues
14.367016,6.829681,37.800605,1.938948,19.242992,blues
14.191329,8.114454,34.288905,0.066670,13.458963,blues
14.096022,9.797282,65.386774,0.219331,26.749736,blues
13.745038,11.751238,70.995764,0.196059,31.514081,blues
14.224674,8.624701,68.744843,0.481853,29.708735,blues
13.979449,10.344678,68.911146,0.477930,29.171713,blues
12.367553,18.516059,151.092203,0.136574,67.859370,blues
14.034260,10.514379,92.357762,0.891351,30.593025,classical
14.054025,10.149609,72.103007,0.915367,17.133065,classical
14.284323,8.125594,61.606430,2.341420,19.503240,classical
13.300563,14.980650,119.886966,0.167172,26.622932,classical
14.223195,8.820777,68.001786,2.204540,18.646617,classical
13.786884,11.271111,70.903928,0.040482,25.850384,classical
13.606626,13.379812,94.610308,0.176288,16.243246,classical
13.256328,14.289458,79.398495,0.110884,17.911460,classical
13.478136,13.385187,68.184298,0.220250,12.936308,classical
13.596420,12.933254,81.342614,0.267536,7.480101,classical
13.257097,14.696424,100.109212,0.134179,40.931024,classical
14.100339,10.208964,94.482787,0.299392,22.167438,classical
13.036189,15.710539,76.389367,0.064131,8.852420,classical
12.805091,16.863193,92.801085,0.061401,23.224029,classical
12.789972,17.219336,111.565105,0.314339,29.475063,classical
12.602187,18.290173,99.809986,0.435184,30.144070,classical
13.701692,12.449053,79.914489,0.353005,16.273572,classical
12.838455,16.269630,85.822464,0.114168,26.346193,classical
11.665563,23.546054,183.470484,0.191449,69.408162,classical
13.115228,16.187285,129.080836,0.224168,19.140493,classical
13.506960,12.988543,66.172553,0.051969,18.466585,classical
12.823245,16.160572,84.918000,0.139583,29.252933,classical
13.603945,12.451517,58.125484,0.006466,19.743416,classical
14.095178,9.267567,56.001895,0.816681,9.226741,classical
14.194171,8.791027,51.246465,0.348694,18.100930,classical
14.221995,8.833691,43.331239,1.434964,15.487631,classical
12.482088,18.065094,116.847889,0.050916,30.576357,classical
13.875573,11.152420,49.844982,0.416305,9.575947,classical
14.072935,9.834857,91.776067,0.115728,28.490087,classical
12.885407,15.773421,86.890731,0.055344,22.157786,classical
13.651619,12.782921,93.440336,0.235376,21.617354,classical
12.895219,16.398713,124.114496,0.120283,52.604269,classical
13.551890,13.714839,90.399851,0.678412,18.060242,classical
11.405571,24.140200,292.097909,0.014862,51.375109,classical
13.178212,15.982826,117.353802,0.185385,10.291003,classical
13.092035,14.722240,107.978867,0.168170,50.219813,classical
12.473132,19.175963,148.856977,0.107559,41.796963,classical
12.821362,16.799427,168.639862,0.053743,87.065797,classical
12.916689,16.617615,112.109765,0.229331,43.670588,classical
11.035865,25.534459,239.034051,0.146415,61.115386,classical
13.170510,16.107648,154.913012,0.282425,60.287980,classical
11.419525,23.924364,177.712996,0.151513,25.364213,classical
14.041873,8.956235,46.914146,0.486792,14.130769,classical
14.030535,10.077743,50.851773,0.026681,20.620005,classical
14.208604,9.126665,66.406538,0.615343,19.279671,classical
14.321513,7.288357,47.057866,1.099973,21.761975,classical
14.669997,4.299628,37.422989,3.356870,12.598281,classical
13.618220,13.230690,79.619973,0.742275,20.431998,classical
14.307728,7.614167,39.163158,0.509036,9.094092,classical
13.970431,9.855383,44.827557,0.124488,14.948200,classical
13.775394,11.547095,71.444374,0.145854,19.323484,classical
13.548520,12.385953,56.708385,0.067024,19.440247,classical
13.489689,13.032195,73.091867,0.018138,22.044923,classical
13.988210,9.048869,43.147400,0.254620,15.702505,classical
14.306589,5.893266,30.829235,-0.000000,8.626900,classical
12.782997,17.444083,112.861936,0.097369,12.171634,classical
14.406703,6.587510,30.960192,0.176872,4.859101,classical
13.543774,13.120885,105.972622,0.042877,29.662261,classical
14.223861,8.746789,60.195177,0.519298,15.531336,classical
13.786050,11.746397,70.273052,0.382836,17.032878,classical
14.125696,9.321315,51.636957,0.425914,16.729079,classical
13.280490,15.280422,97.477918,0.404654,19.447397,classical
12.411848,18.835499,150.395670,0.000941,46.364639,classical
13.045811,16.887090,150.301094,0.463406,59.754606,classical
11.583575,22.737702,144.032641,0.193509,56.249838,classical
12.719364,17.290645,148.662743,0.244338,60.849712,classical
12.901183,16.013392,108.401458,0.081077,32.620652,classical
11.776305,21.206774,145.991306,0.003294,56.697154,classical
13.842215,11.301611,58.307698,0.467149,15.253189,classical
14.039501,10.554064,106.775024,0.912028,17.368902,classical
12.684394,17.532451,110.245119,0.041720,32.901375,classical
12.980437,16.247943,104.027094,0.049874,17.701976,classical
13.203654,15.266813,101.676908,0.393394,12.886131,classical
13.705612,12.170808,62.908686,0.151803,15.053140,classical
13.102466,15.271895,116.663323,0.280460,30.200033,classical
13.376364,14.902556,131.414344,0.359605,19.923056,classical
13.443839,13.786474,63.351150,0.167299,11.339960,classical
12.026378,20.596002,125.028955,0.006457,33.385599,classical
13.106015,16.304411,128.989538,0.031655,50.988648,classical
13.367565,14.481988,153.375953,0.005309,57.645625,classical
12.012843,20.483291,105.133961,0.079328,7.502740,classical
13.945364,10.152074,58.304250,0.446480,14.139101,classical
14.268830,8.245448,45.906195,1.282377,14.586061,classical
13.813570,11.574905,60.541552,0.078946,8.025404,classical
13.262901,14.233426,96.017977,0.077661,36.438690,classical
13.708193,12.583037,78.724719,0.534779,18.166281,classical
13.218375,16.197594,130.983150,1.117721,27.762415,classical
13.739565,11.670712,54.087265,0.014880,7.405932,classical
13.603864,12.424334,79.282566,0.468550,20.976141,classical
14.015148,10.157585,55.541806,0.607443,16.175040,classical
14.708365,2.704876,23.227609,4.759517,6.857334,country
14.735980,2.549268,23.408105,4.493518,8.302781,country
14.307342,6.364511,39.164612,0.888448,11.799207,country
14.550656,5.567964,38.442219,2.245386,15.969190,country
14.680794,3.652628,32.993913,5.875293,11.326679,country
14.500871,4.691253,27.486830,1.620142,10.564954,country
14.450017,4.948054,36.369483,3.917580,14.073697,country
14.745223,2.717737,27.126913,7.389901,7.098193,country
14.671260,2.947172,25.039415,1.954964,9.548251,country
14.637505,4.095871,29.101239,5.097694,8.900567,country
13.980025,10.811424,80.903107,0.438667,24.260819,country
13.713660,12.225432,57.891079,0.147801,19.022167,country
14.239732,8.142080,35.729759,1.440964,16.723481,country
13.934622,10.957276,68.452235,2.221193,26.209542,country
14.161688,8.860309,53.262150,1.655327,21.640025,country
14.563888,4.890426,25.876069,0.145872,6.889265,country
14.192388,8.684452,44.134398,0.655772,16.757106,country
14.551883,5.451960,34.919604,2.516956,13.935428,country
14.244749,8.475057,51.718678,0.813431,22.019501,country
13.182010,14.617620,62.042952,0.459639,20.092315,country
14.430573,6.814706,38.372283,0.502157,11.333805,country
14.227926,8.349463,40.123582,0.590156,14.489417,country
13.911166,10.817305,78.540177,1.349152,28.168055,country
13.584568,12.270103,65.843595,0.079215,23.861849,country
14.058443,10.156067,61.181643,0.392157,25.353610,country
14.109290,9.767075,63.362195,0.873302,11.083067,country
14.214679,8.540112,44.366140,1.218563,14.997127,country
14.404375,6.726439,43.238420,1.561091,11.005292,country
14.306833,8.055075,57.593208,1.789053,24.049095,country
14.163111,9.153707,54.569837,1.436019,15.989092,country
13.473771,14.157938,95.556563,1.012220,35.216524,country
14.244034,8.411093,40.250221,1.030095,16.648209,country
13.633995,12.699437,82.296265,0.389110,20.406598,country
13.881662,10.556091,49.303996,0.366499,16.835205,country
13.602692,12.400694,76.720125,0.596349,30.196767,country
14.201341,8.453932,49.282271,1.243774,20.630405,country
12.816004,16.510333,105.709579,0.382951,32.031200,country
14.108943,9.358712,45.745923,1.195725,15.641836,country
14.190460,8.646229,56.555276,1.284718,21.936055,country
14.205378,7.947744,58.981235,2.082518,25.712874,country
14.172073,8.695407,47.108649,0.602114,18.422690,country
14.484276,5.754779,40.230629,2.851446,13.912109,country
14.565304,5.188667,30.946156,2.342672,13.073135,country
14.004335,9.834930,51.755853,2.092742,19.826708,country
14.289621,8.191169,52.985007,0.706736,18.201080,country
14.397931,7.102994,46.970019,0.888682,15.584091,country
14.331640,7.806974,37.319839,1.863922,13.702862,country
14.257900,8.539652,46.019931,1.512117,17.530295,country
14.119314,9.461602,54.558664,0.023940,16.878064,country
14.432871,6.870437,36.937534,2.672763,12.537632,country
14.407266,6.904078,31.391374,1.656676,12.245340,country
14.332337,7.490317,41.399741,0.795763,12.546412,country
14.421975,6.999021,47.928649,0.698078,17.539549,country
14.410666,6.702319,39.377262,2.634347,18.019407,country
14.386265,7.153185,42.467664,1.315243,19.553677,country
14.466741,6.391671,35.885340,3.498363,11.684689,country
14.322741,7.845969,37.390364,2.690926,12.111383,country
14.185578,8.883968,49.413982,0.463843,20.408755,country
14.327393,7.429763,40.080682,1.777512,15.045028,country
14.308776,8.054225,38.915433,1.240869,10.020952,country
14.408282,7.265782,43.751192,2.559916,18.826236,country
14.246955,8.488646,52.582124,0.926117,10.974365,country
14.361150,7.310095,36.092305,0.628527,16.942833,country
14.013216,9.686649,60.213719,0.177051,28.566412,country
14.257387,8.430700,44.259760,0.686840,11.330181,country
13.614179,13.035055,61.877400,0.540681,19.072265,country
14.335838,7.511115,48.386752,2.341846,20.190694,country
13.357125,14.481712,85.742530,0.450346,17.252237,country
13.797445,11.734527,61.723272,0.601655,22.717580,country
13.447676,13.692886,103.112340,0.476351,39.273237,country
14.070968,9.377369,57.353873,0.974133,22.234075,country
13.729102,12.361746,74.195773,0.810516,15.663361,country
14.320068,7.410244,38.145864,0.188738,16.755049,country
14.005095,9.998277,70.935409,2.324119,30.221894,country
13.379031,13.771572,82.693605,0.151629,23.698449,country
14.304257,7.982425,50.174142,0.674833,20.925512,country
14.071863,9.765065,46.705501,0.586725,14.554209,country
14.337093,7.569967,41.178572,1.562493,10.781711,country
12.601278,18.276430,188.695101,0.190349,74.241234,country
14.210049,8.653503,50.533695,1.767227,18.042178,country
14.288399,7.732984,42.051123,2.105586,16.239717,country
14.233918,8.418274,38.126353,1.623804,16.812955,country
14.307768,7.457350,37.899800,0.562313,15.348362,country
14.311791,8.156306,46.893015,1.186785,14.078695,country
14.277175,8.122292,50.464446,1.465149,16.347982,country
14.299324,8.013353,40.373849,3.388884,14.514990,country
14.279001,7.693441,46.144569,0.244095,18.465233,country
13.890092,11.182270,65.810373,0.672765,28.852146,country
14.259763,8.540176,51.143922,0.771284,15.071024,country
13.943375,10.725445,57.222327,0.597747,24.498632,country
13.828633,10.180206,41.484428,0.157955,20.396950,disco
14.216487,7.542038,37.188144,2.372544,13.914831,disco
14.297172,7.981369,45.631912,2.731154,18.624187,disco
14.336243,6.053814,30.157119,1.658228,13.768240,disco
13.569264,12.221858,60.234050,0.599873,26.482631,disco
14.311748,6.541238,33.174098,1.365988,12.848437,disco
14.446468,6.344033,36.391406,0.983680,15.000124,disco
13.757043,11.459725,49.447512,1.181992,21.437203,disco
13.924296,9.819124,44.435263,0.753293,19.292412,disco
14.034321,9.139154,46.198669,0.573617,21.197319,disco
14.492200,5.910368,33.398061,1.078199,15.009745,disco
14.467742,6.198217,42.220966,1.463947,14.321049,disco
14.194131,8.014666,32.727286,0.658437,13.472307,disco
14.311291,7.261128,36.460232,0.630551,16.505880,disco
14.556011,5.421303,32.884408,4.078554,12.337257,disco
14.518539,5.699529,37.488147,1.796626,13.225767,disco
14.378885,5.654537,31.645267,1.602600,13.159214,disco
13.322790,13.499391,64.992654,1.918049,32.953762,disco
14.117514,8.685589,47.516157,0.362872,17.844196,disco
14.045930,9.522154,51.667107,0.474415,26.894307,disco
14.506933,5.894253,31.622357,0.989683,13.032016,disco
13.915114,10.317846,57.278763,1.478614,25.102027,disco
13.566239,12.638277,56.805876,0.637926,27.511936,disco
14.470383,6.227798,38.862352,0.195679,12.212584,disco
13.695143,11.554483,55.445476,1.131290,28.331008,disco
13.465328,12.893799,60.442992,0.590322,26.373412,disco
14.407360,6.786770,41.229773,0.678544,13.066398,disco
13.620166,11.882292,59.911267,0.030320,29.985340,disco
14.091514,9.281384,45.332711,2.427378,20.663551,disco
13.993238,9.747383,43.403826,0.414452,20.582148,disco
13.856757,10.499553,49.333946,0.881877,25.248606,disco
13.893572,10.780228,57.910335,0.534071,23.167355,disco
13.295310,13.839687,70.495335,0.180927,33.516146,disco
14.569875,5.209150,33.885460,1.544222,10.965467,disco
14.150392,9.270866,48.073779,1.208866,16.877647,disco
13.694747,11.236658,60.192626,0.688431,30.701652,disco
14.215718,8.502816,39.773759,2.585971,16.390052,disco
13.960382,9.848384,50.233127,1.034614,22.838607,disco
14.065839,9.409884,47.493033,0.695966,22.887090,disco
14.346634,7.677445,42.155428,2.776070,16.410752,disco
13.447690,12.938621,58.177788,0.411168,30.015407,disco
14.216237,8.544907,48.018275,1.314143,23.449512,disco
14.300683,7.858705,40.954810,0.714250,18.070553,disco
14.303434,7.472605,40.255648,0.715528,16.462426,disco
14.077267,9.287598,44.685148,1.209284,18.938328,disco
13.944095,10.067448,46.709715,2.147814,21.488298,disco
13.683018,11.419317,50.083284,0.566502,21.428208,disco
13.143076,15.524733,96.827831,0.250243,29.137117,disco
14.029596,9.527656,50.523909,0.238184,24.886900,disco
13.976071,9.787130,51.258132,0.110323,23.220931,disco
14.401626,6.869327,35.086060,1.711275,15.361120,disco
14.157390,8.678137,47.641019,1.691645,22.116141,disco
14.116715,9.129400,52.467068,1.148207,18.911715,disco
13.955031,9.843744,48.905040,0.084087,19.317486,disco
13.524427,12.269308,61.540650,0.136659,30.713540,disco
14.102925,9.196765,46.199914,1.745900,19.997671,disco
13.940229,10.191478,63.243843,0.294580,29.145172,disco
14.297505,7.681739,38.662663,0.903215,16.195809,disco
13.840890,10.436157,60.343466,0.480884,29.955736,disco
13.827358,10.957919,52.978035,0.323398,25.301740,disco
14.059871,9.332280,45.872716,0.938795,22.434221,disco
13.373969,13.257419,62.014389,0.200249,32.412926,disco
13.148772,14.497872,80.465933,0.115166,36.768199,disco
13.970893,9.755799,41.631224,1.441490,17.346657,disco
14.076294,9.327907,56.882744,0.179143,26.371870,disco
13.846383,10.551397,57.305730,0.981178,24.943967,disco
14.036766,9.112423,38.474685,0.166888,19.210167,disco
14.238911,8.271050,41.941563,0.953777,16.783969,disco
13.935246,10.203952,58.360837,1.066767,26.887350,disco
14.011176,9.888418,61.741201,2.240640,28.685692,disco
14.129571,8.905007,48.500972,1.523628,22.421157,disco
13.993763,10.193503,49.715572,1.399846,19.787485,disco
13.770066,11.299727,68.447297,0.147330,29.954750,disco
13.808930,10.928896,71.505800,0.085211,38.546905,disco
14.008233,9.792228,48.412185,1.473515,20.968379,disco
14.192540,8.419824,45.200779,1.535850,20.101727,disco
13.983989,9.988755,58.283516,0.408219,23.549808,disco
14.134986,8.818277,42.876387,0.434744,19.906231,disco
13.487183,12.904599,60.454683,0.169309,31.602282,disco
13.581329,12.417740,63.978990,0.228120,28.018441,disco
13.281267,13.800186,65.568360,0.777737,33.317153,disco
13.340782,12.872052,65.231265,0.004670,31.376017,disco
13.543282,12.305062,56.877560,0.197358,26.874518,disco
14.027693,9.514224,47.970884,0.102821,23.955487,disco
12.596564,16.860131,75.613673,0.025346,35.944454,disco
13.075665,14.659982,76.842209,0.204997,34.619241,disco
14.212605,8.251858,40.226614,0.390499,19.101629,disco
14.407223,6.658011,39.747178,1.424474,16.910340,disco
13.628174,12.216752,62.316997,0.900920,30.069958,disco
14.225670,8.005692,36.798377,1.515526,16.897959,disco
13.904425,9.852189,44.577684,0.593452,18.816424,hiphop
14.379766,6.947403,40.640369,0.054394,19.704052,hiphop
14.101770,9.213651,60.910713,0.204333,26.399684,hiphop
13.851547,11.024867,47.705571,0.763213,21.687706,hiphop
13.314024,13.207857,57.227815,0.003492,26.166241,hiphop
14.377740,7.247841,42.380490,1.005517,14.706449,hiphop
13.804712,10.543369,41.821994,0.042779,16.274833,hiphop
14.158854,8.770082,41.327377,0.227937,14.607387,hiphop
13.394382,13.800191,66.448163,0.021041,28.203742,hiphop
13.872371,10.160975,61.636559,0.081199,29.438555,hiphop
13.643253,11.704705,58.614046,0.799869,27.167031,hiphop
13.939124,10.072291,54.082147,0.165132,21.770181,hiphop
14.204679,8.708432,49.036200,2.575519,21.549327,hiphop
14.426419,6.223139,32.625751,0.962434,13.759847,hiphop
14.286762,7.898888,39.912797,0.012302,17.950971,hiphop
13.637373,12.032768,76.190319,0.565389,36.163046,hiphop
13.594493,11.942123,58.682410,0.151518,21.830100,hiphop
14.045707,9.883625,60.511632,0.772446,24.999052,hiphop
13.611741,11.722876,46.907052,0.016554,21.446134,hiphop
13.523022,12.179269,66.594670,0.220575,30.211560,hiphop
14.046052,9.918299,45.353858,0.262959,16.468832,hiphop
14.283659,7.851716,40.164261,0.727888,18.001349,hiphop
13.756795,11.479274,62.857343,0.000185,29.812149,hiphop
14.314708,7.929189,48.281871,3.138733,20.408547,hiphop
13.571200,12.502563,68.090710,0.311837,32.482607,hiphop
14.238596,8.050801,38.217306,1.043038,18.934054,hiphop
13.615259,11.238116,47.583705,0.154935,15.217450,hiphop
14.265148,7.382557,34.891134,0.046019,17.138787,hiphop
14.499157,5.801161,34.777779,0.948014,11.545032,hiphop
14.141256,8.026068,46.297367,0.202723,18.972120,hiphop
14.602148,4.509882,28.138850,3.250514,10.997718,hiphop
14.402740,6.942793,31.524614,1.048378,11.893412,hiphop
13.584572,12.287246,59.420096,0.111862,25.183525,hiphop
14.348732,6.477580,33.107684,0.708908,13.816732,hiphop
14.381758,5.860178,29.757603,1.471198,11.026610,hiphop
13.698464,10.429781,41.269576,0.106206,15.959158,hiphop
13.188897,12.751369,53.705697,-0.000000,19.391932,hiphop
12.125803,18.796645,83.404915,-0.000000,37.605360,hiphop
13.639350,10.404699,51.095910,-0.000000,23.958599,hiphop
13.486312,11.311458,69.219510,0.000002,21.007999,hiphop
12.378530,17.951285,91.899115,0.000000,41.902635,hiphop
13.095374,13.559624,90.807352,0.003757,38.104450,hiphop
13.949232,8.220331,45.445517,0.101893,22.285427,hiphop
12.745991,15.904908,80.938184,0.042303,40.388551,hiphop
12.420199,17.764352,97.252980,0.000658,32.261032,hiphop
13.486312,11.311458,69.219510,0.000002,21.007999,hiphop
13.230887,13.570650,72.847639,0.120853,33.688202,hiphop
13.739906,11.578616,55.521295,0.101700,24.015374,hiphop
13.681328,11.500174,51.159332,0.054247,22.441052,hiphop
14.359607,7.178931,36.453247,2.889738,12.841652,hiphop
14.046591,9.795427,55.477020,1.226504,25.409109,hiphop
14.207582,8.166976,34.319213,0.080733,14.810026,hiphop
13.925280,9.967826,49.675733,1.382125,26.386784,hiphop
14.057938,8.982953,47.437424,0.696611,21.133140,hiphop
14.073081,8.962058,47.661207,0.811307,26.432117,hiphop
13.662158,11.981896,60.886639,0.297053,27.134087,hiphop
14.364487,6.974734,43.741922,3.468571,15.999622,hiphop
14.310101,7.528940,35.663401,2.680207,15.232762,hiphop
13.546939,12.682549,80.748637,0.251235,36.193568,hiphop
14.180153,8.831485,46.025786,1.122633,19.686530,hiphop
14.211947,8.160025,40.238059,0.064730,17.727271,hiphop
14.150326,9.090288,44.482652,0.345502,16.603266,hiphop
12.835556,15.977148,74.923523,0.007789,26.283470,hiphop
13.031931,15.158310,66.966279,0.012445,33.210277,hiphop
13.548289,13.120661,66.766128,0.022280,32.025864,hiphop
12.910396,14.808372,62.800756,0.050093,35.166661,hiphop
13.321128,13.650267,57.504854,0.021167,24.993130,hiphop
13.299475,13.835532,62.056816,0.106711,24.606889,hiphop
13.669293,11.669515,51.595232,0.180396,23.164640,hiphop
14.265828,7.639573,33.705408,0.027487,15.206063,hiphop
14.362861,6.974736,40.734745,1.311594,17.032100,hiphop
14.168086,8.934135,51.286868,0.058927,22.248082,hiphop
13.811216,11.280267,56.619322,0.215212,24.421567,hiphop
14.102115,9.105319,41.483422,0.000014,15.489798,hiphop
13.730738,12.162808,58.892229,0.618555,27.006082,hiphop
13.184765,14.770345,68.350398,0.055291,31.865254,hiphop
13.152572,14.675972,62.983094,0.008912,21.802107,hiphop
14.047969,9.331194,48.623446,0.121117,23.745314,hiphop
13.152572,14.675972,62.983094,0.008912,21.802107,hiphop
13.849000,10.549736,55.019689,0.000143,21.986179,hiphop
14.599078,4.575260,23.063667,0.833706,8.367751,hiphop
12.752585,16.357319,87.917061,0.192750,41.884491,hiphop
13.929362,10.551458,46.891112,0.863054,14.253579,hiphop
13.830626,11.102593,60.193142,0.483004,28.168908,hiphop
12.916309,15.520596,58.624214,0.007780,29.104405,hiphop
13.949871,10.523992,55.421881,0.652834,23.710221,hiphop
13.394694,13.219719,65.973861,0.160245,31.707245,hiphop
13.722251,11.116864,46.242781,0.402345,18.921712,hiphop
14.128249,9.158478,54.285856,0.048157,27.635306,hiphop
14.119443,9.118464,50.758420,0.715198,19.559828,hiphop
12.654968,17.633490,100.051378,0.195513,36.029149,jazz
13.119632,16.124727,94.565117,0.088250,26.875576,jazz
14.222815,8.621986,45.722782,0.204319,16.181115,jazz
13.584458,12.833137,57.719172,0.306424,16.572707,jazz
14.064145,9.843753,51.826550,0.309101,13.543132,jazz
13.940053,10.434238,80.785502,0.064493,32.994454,jazz
14.179729,8.636061,57.939201,0.446896,14.790983,jazz
13.819647,11.171977,62.246890,0.251181,27.288440,jazz
14.333961,7.848517,49.522772,1.032424,17.164817,jazz
14.364165,7.489791,54.661668,1.300554,23.434885,jazz
13.456663,13.410633,60.217282,0.333182,19.271903,jazz
13.928769,10.758468,82.237096,0.375264,23.451715,jazz
13.868469,10.872592,76.577217,0.793794,29.404870,jazz
14.221954,8.737035,84.148219,1.314073,39.993616,jazz
12.758549,17.214341,85.825008,0.077688,13.520266,jazz
14.034121,10.039723,76.759009,0.706725,29.607652,jazz
13.530299,13.649120,86.908853,0.365822,32.635583,jazz
13.169963,14.583182,135.168335,0.122008,66.478001,jazz
14.138444,9.131132,102.589686,2.239942,45.427870,jazz
14.342434,7.679573,52.263881,0.564627,17.446376,jazz
13.321531,14.754969,135.386874,0.395829,54.149113,jazz
13.975682,10.460685,76.815710,0.819605,26.858093,jazz
13.654114,13.136823,82.825754,0.083213,19.184651,jazz
14.279836,8.295738,73.873781,0.548722,29.982736,jazz
13.803040,11.435910,69.056622,0.078982,24.468708,jazz
13.684745,12.060421,71.319525,0.129047,17.053774,jazz
13.893701,10.050266,36.534538,0.022405,12.748736,jazz
14.054991,9.925929,63.448336,0.758881,21.627370,jazz
13.705643,12.609848,120.236708,0.019095,42.891549,jazz
14.072258,9.480819,81.695808,0.322846,36.360527,jazz
14.044442,9.943907,51.714074,0.080977,12.798340,jazz
14.346847,7.549272,42.484067,1.601193,12.634162,jazz
13.462744,12.803282,70.709493,0.048573,29.289406,jazz
13.362930,14.249948,90.771375,0.127613,23.665477,jazz
14.316840,7.357781,35.082387,0.466232,15.218609,jazz
14.208339,8.807662,42.911674,0.551638,10.073636,jazz
13.924040,10.730788,74.764935,0.470996,31.502069,jazz
13.946516,10.850114,74.369342,0.714765,25.518093,jazz
14.317876,7.695496,42.868500,0.156476,14.575652,jazz
13.815667,11.464622,85.501745,0.391450,25.588053,jazz
14.491599,6.264504,41.674299,0.330336,9.156005,jazz
13.728369,11.653604,76.810749,0.149985,29.635010,jazz
13.364741,14.119440,65.789509,0.465013,25.741530,jazz
14.306879,7.747746,40.761473,0.540043,12.006250,jazz
13.969695,10.480357,66.737972,0.995069,17.613078,jazz
14.264430,8.313040,38.275459,0.447033,14.115843,jazz
13.638491,12.270701,56.216418,0.130849,23.850522,jazz
14.049055,9.613326,55.936597,0.218209,20.168479,jazz
14.269233,8.210661,62.114471,0.900104,17.299538,jazz
13.971209,10.165162,39.244871,0.185953,12.460356,jazz
14.523156,3.856086,26.654664,3.489619,7.795569,jazz
13.362969,14.249733,90.764587,0.127940,23.664120,jazz
14.140612,8.245894,38.128421,0.626513,13.964087,jazz
14.316575,7.360372,35.080867,0.466178,15.259251,jazz
14.282067,7.982004,43.128939,1.542353,13.751589,jazz
14.208346,8.807606,42.913059,0.551325,10.072674,jazz
14.423266,5.957863,33.449274,1.493041,12.344122,jazz
13.463055,13.755815,67.804706,0.086658,22.890855,jazz
13.924118,10.730252,74.761943,0.471636,31.499954,jazz
13.961237,8.690050,43.009440,0.350340,13.529514,jazz
13.946753,10.848712,74.357767,0.714983,25.513117,jazz
14.533351,4.195625,26.820959,0.593932,8.967832,jazz
14.318042,7.693899,42.857908,0.156482,14.566809,jazz
14.339323,6.040216,32.327606,2.061124,10.282520,jazz
14.522250,5.431194,27.901232,1.874957,9.420554,jazz
13.815681,11.464533,85.504345,0.391983,25.583873,jazz
14.446721,5.511607,28.935759,1.138806,8.973347,jazz
14.491657,6.264054,41.672136,0.330098,9.151845,jazz
13.364741,14.119500,65.793512,0.464953,25.742534,jazz
14.306503,7.745502,40.743220,0.542439,11.999104,jazz
13.969210,10.484551,66.841112,0.994764,17.631203,jazz
14.264403,8.313071,38.278118,0.447682,14.113212,jazz
13.638506,12.270661,56.215838,0.131110,23.850475,jazz
13.980526,10.044098,49.391290,0.925336,13.830543,jazz
13.346463,13.808244,68.468465,0.163640,28.243398,jazz
13.982975,9.903306,43.396606,0.519476,14.890255,jazz
14.019196,9.860397,51.325568,0.298063,19.135800,jazz
14.185944,8.643783,34.012280,0.481289,11.367803,jazz
13.607914,12.484471,50.742204,0.195696,19.441696,jazz
14.308117,7.663970,56.534291,1.424131,26.179407,jazz
14.419172,6.885693,50.695606,2.095347,18.126943,jazz
14.092179,9.258848,76.201278,0.676428,36.358695,jazz
14.050516,9.867078,72.258089,0.500887,23.057473,jazz
14.314292,7.362600,35.855681,0.908755,13.432670,jazz
14.031116,9.638585,56.099728,0.731401,23.705049,jazz
14.083468,9.634733,57.032899,1.047613,18.933975,jazz
14.133734,9.061855,45.062465,0.542158,15.831862,jazz
12.921767,16.136881,97.793308,0.055828,34.557446,jazz
14.035237,9.576527,50.528504,0.287448,17.518674,jazz
13.338268,14.598562,96.412778,0.157823,33.609548,jazz
14.662599,4.088664,29.568771,7.047093,7.613938,metal
14.655058,3.993358,28.157830,6.076170,6.723277,metal
14.598509,4.924182,33.550707,2.269363,11.347165,metal
14.561674,5.346449,30.526913,4.302986,11.126935,metal
14.627912,4.140891,30.105781,0.076141,11.865674,metal
14.201571,8.295786,53.719884,3.191342,22.883531,metal
14.553852,5.359289,34.076214,4.328632,12.434867,metal
14.522687,5.380774,36.960522,6.814644,12.670515,metal
14.407567,6.794098,44.504192,3.730874,16.441664,metal
14.730202,2.726521,22.519443,5.153120,5.456505,metal
14.708357,2.962862,25.605139,2.691270,8.297226,metal
14.756514,1.916618,24.319190,5.725537,6.942838,metal
14.734833,2.578893,22.778756,7.562613,6.879743,metal
14.676582,3.425190,26.901705,0.099885,8.333590,metal
14.611410,4.659980,31.415741,0.053009,9.272903,metal
14.682002,3.502134,28.743039,5.898673,9.511857,metal
14.650796,4.091993,28.962607,3.948375,6.993807,metal
14.487755,5.354529,35.934590,4.674523,16.585528,metal
14.731083,2.756154,24.549807,5.887634,5.317478,metal
14.287642,7.292337,42.180241,0.094141,15.455174,metal
14.364750,6.772483,45.809816,0.321419,19.360018,metal
14.381511,7.307879,43.746433,3.987061,19.312112,metal
14.442674,6.652245,36.152347,3.039818,15.586707,metal
14.546529,5.202284,35.340225,4.473199,12.967401,metal
14.689325,3.244642,26.072204,4.276905,8.940112,metal
14.503246,5.770611,34.045929,2.235293,14.258822,metal
14.651539,4.138680,26.604569,1.195425,9.747280,metal
14.588309,4.990282,32.386817,1.246464,10.747478,metal
14.712077,3.079358,25.667539,7.596438,7.024091,metal
14.466119,6.212809,36.259042,2.378587,16.901337,metal
14.575941,5.057430,34.058504,4.116316,11.996067,metal
14.574900,4.914450,32.001526,5.367030,10.228491,metal
14.508085,5.654924,33.287572,0.178008,12.504182,metal
14.673007,3.778140,34.339793,5.896897,6.692271,metal
14.436754,6.577832,41.281296,0.214508,15.413375,metal
14.558683,5.364301,38.763035,0.137727,11.332984,metal
14.371883,6.848179,33.489037,2.803258,14.193016,metal
14.633021,4.447531,32.094393,6.517549,9.925660,metal
13.581028,12.052871,52.032580,0.002443,21.016259,metal
14.208434,9.145763,56.640590,1.076238,11.297336,metal
14.481625,6.157466,38.373075,4.242536,13.679938,metal
14.538463,5.350217,33.346100,3.269772,13.183902,metal
14.547099,5.552973,37.422722,3.849697,14.156266,metal
14.226048,8.166639,42.377449,0.061563,14.045933,metal
14.409676,6.704044,41.028843,3.478934,15.447519,metal
14.249019,8.257296,45.661962,0.021015,14.345852,metal
14.668895,3.330135,26.245723,7.395130,9.966966,metal
14.593302,4.512364,34.226473,5.855622,14.805105,metal
14.656159,3.986221,30.616075,6.122541,10.512359,metal
14.666023,3.553146,32.726487,6.841639,12.473085,metal
14.603205,4.318569,35.070152,7.193685,13.264047,metal
14.611554,4.454499,34.096145,6.848984,10.562040,metal
14.469791,5.968448,37.629897,1.940030,13.903632,metal
14.475905,5.575375,39.223649,6.183484,14.982592,metal
14.615771,3.948241,36.541227,6.770890,12.732894,metal
14.626708,4.157147,33.892064,6.950506,12.776648,metal
14.618487,4.387812,35.561786,5.870991,15.331869,metal
14.560293,5.275459,39.866588,3.998736,17.157419,metal
14.583006,4.652827,34.896737,5.596400,13.207845,metal
14.638549,4.326046,32.185137,4.842908,12.595205,metal
14.550349,5.536258,40.490448,6.291808,15.590237,metal
14.481625,6.157466,38.373075,4.242536,13.679938,metal
14.538463,5.350217,33.346100,3.269772,13.183902,metal
14.547099,5.552973,37.422722,3.849697,14.156266,metal
14.226048,8.166639,42.377449,0.061563,14.045933,metal
14.409676,6.704044,41.028843,3.478934,15.447519,metal
14.249019,8.257296,45.661962,0.021015,14.345852,metal
14.310825,7.772702,43.512050,3.927082,19.214074,metal
14.279351,7.807591,39.986282,0.010961,14.761978,metal
14.655262,3.888380,26.942849,3.626463,8.237189,metal
13.490112,12.829004,58.454283,0.183002,26.312721,metal
14.157000,8.764573,41.916892,0.057827,19.169507,metal
14.656954,3.929755,26.326724,4.977731,8.684426,metal
14.623673,4.391080,32.398809,6.311931,9.389802,metal
14.532895,5.784568,36.529084,5.650188,12.307353,metal
14.299272,8.085027,45.716356,1.559642,13.586391,metal
13.972638,10.200280,60.310256,3.198236,28.469687,metal
14.605192,4.638466,30.392130,3.499573,10.884693,metal
14.602758,4.402174,30.845123,5.068771,12.004759,metal
14.190833,8.480543,43.817381,0.174013,16.554661,metal
13.972534,10.009578,55.416613,0.943222,25.017624,metal
14.640240,4.634634,42.161062,2.471477,14.185770,metal
14.274965,8.007778,48.267830,3.507395,17.213717,metal
14.624919,4.401910,34.065302,4.038632,13.290735,metal
14.378542,7.127030,39.608118,0.696828,15.051509,metal
14.289812,7.924783,49.150300,1.629952,21.399956,metal
14.557502,5.467839,33.060610,2.798383,13.103074,metal
14.655598,3.592371,26.481463,5.465670,8.606106,metal
13.747757,11.096518,62.961796,0.400426,24.639278,metal
14.506274,5.867157,36.794397,2.771325,11.965156,metal
13.902204,10.485085,65.566027,0.293146,21.574007,pop
13.741041,11.351786,45.854972,0.124556,22.726813,pop
14.090590,9.308229,40.235378,0.728719,15.964727,pop
14.232503,8.642413,63.710096,1.653080,25.239589,pop
14.508704,6.255378,39.144866,2.954422,13.228344,pop
13.852150,10.457201,43.882911,0.044501,16.294083,pop
14.088154,9.841048,73.688841,0.279980,32.689215,pop
13.581029,12.852410,84.177872,0.224831,32.345878,pop
14.520073,5.657900,34.011215,2.183030,11.056829,pop
14.137708,8.933723,52.269009,0.353017,21.198193,pop
14.336448,7.534986,41.944828,0.805202,18.774695,pop
13.292459,14.953644,125.518728,0.982172,17.062256,pop
14.326258,7.554016,39.936605,0.825206,22.176188,pop
14.290618,8.253974,63.436906,2.905449,28.802683,pop
14.516582,5.547461,34.264076,2.697244,15.053062,pop
14.074471,9.441114,47.615841,0.268962,22.247045,pop
13.061561,15.155214,74.156844,0.135226,37.900597,pop
14.556489,5.554396,41.397262,2.013643,12.370017,pop
14.325941,7.519318,45.519383,1.013082,14.983939,pop
14.096162,9.241261,50.189172,1.287330,17.470151,pop
14.258241,8.194281,42.126550,0.204761,18.688675,pop
13.655345,11.750904,54.904238,0.027721,22.103527,pop
14.069128,9.447689,47.266436,0.181063,21.212178,pop
13.972123,9.853728,42.562977,0.298403,19.928974,pop
13.830151,11.022124,53.960074,0.143237,20.916220,pop
14.023227,9.802613,48.475924,0.004673,20.790680,pop
13.966101,10.345550,48.286779,0.322909,17.522595,pop
14.195512,8.597517,49.024359,0.910528,20.989613,pop
14.153196,8.810824,47.771016,0.334795,16.575014,pop
14.222985,8.407576,41.658461,0.406717,15.737768,pop
14.084870,9.590751,59.051696,0.232548,20.992632,pop
14.083347,9.598835,59.422902,0.217931,21.182973,pop
13.781687,11.416904,56.228562,0.052491,18.608674,pop
14.324142,7.267301,34.370970,0.002431,11.637002,pop
14.108408,8.951630,52.271178,0.158165,22.508231,pop
14.291769,8.096645,40.742409,0.598770,14.257776,pop
14.235734,7.902430,39.744815,0.125657,17.308033,pop
14.138250,9.155153,53.186196,0.027129,21.385630,pop
14.147925,9.106710,45.864675,0.584510,21.006197,pop
14.163349,9.157392,46.305101,1.408789,15.009029,pop
14.219831,8.765104,51.425704,0.430532,15.000448,pop
14.016199,10.126766,62.788296,1.473892,24.958756,pop
14.103579,9.051377,46.533777,0.284180,19.151039,pop
14.367015,7.135723,34.191308,0.341474,13.106682,pop
13.975146,9.909267,42.991922,0.146387,18.530199,pop
14.120075,9.220387,50.541204,0.234798,21.485107,pop
14.100197,9.202009,51.367686,0.250287,23.916972,pop
13.891929,10.858436,60.955279,0.720174,28.221659,pop
13.848324,11.048294,118.466890,1.720334,38.479404,pop
14.090577,9.399194,63.896178,0.473270,24.643954,pop
14.086516,9.478182,47.830427,0.026509,23.404173,pop
14.312854,7.634089,36.336828,0.916057,15.672555,pop
13.891734,10.049413,42.438971,0.086513,16.727964,pop
13.654182,12.455407,65.317162,0.011852,17.837397,pop
13.954809,10.144506,49.654497,0.420598,23.456253,pop
13.389686,13.150275,61.726851,0.060550,31.413753,pop
13.769353,11.083647,52.293630,0.010434,23.984764,pop
13.893853,10.108578,42.057728,0.076653,16.429591,pop
13.818775,11.027638,50.977822,0.030549,22.996986,pop
13.755455,11.048797,52.814075,0.010139,23.569790,pop
13.954809,10.144506,49.654497,0.420598,23.456253,pop
13.956529,10.524561,67.511743,0.038925,29.493095,pop
14.545537,5.304817,27.739925,1.251748,12.143550,pop
14.323363,7.295203,42.692330,2.144616,17.404642,pop
13.249008,14.492508,83.817820,0.028687,25.705588,pop
13.418828,13.316434,66.826789,0.255905,31.000576,pop
14.243328,8.528735,47.225958,0.418675,17.374128,pop
13.859823,10.482791,45.686271,0.375365,20.943902,pop
13.621676,12.435993,63.968881,0.766036,31.355844,pop
14.193889,8.416551,44.804068,2.126081,18.319225,pop
13.222516,14.412405,69.163687,0.136204,31.419716,pop
13.859823,10.482791,45.686271,0.375365,20.943902,pop
14.373515,7.243162,42.287851,0.680497,21.670840,pop
14.196894,8.509799,38.919920,0.713677,15.770291,pop
12.841301,16.570031,81.193172,0.069516,32.577578,pop
13.585674,12.599724,64.599070,0.317511,26.606595,pop
14.062814,9.677500,45.255874,0.006143,19.560389,pop
13.426135,12.996995,58.215089,0.086405,28.344792,pop
13.626533,12.211675,51.474368,0.408356,19.578814,pop
13.607688,12.400600,72.571344,0.008460,31.984056,pop
13.887576,10.867523,61.573005,0.705587,26.774422,pop
14.131322,9.335564,46.928025,0.657490,15.835802,pop
13.926180,10.947001,63.817002,0.811770,23.737416,pop
14.324709,7.942712,44.182099,3.233179,13.963893,pop
13.642943,12.153925,52.318878,0.132510,19.380029,pop
14.145760,8.577789,43.157089,0.066611,17.512292,pop
14.257604,7.871457,39.454173,1.670729,19.270010,pop
14.479164,6.195615,39.463375,2.322737,17.059209,pop
13.595860,12.305701,51.808901,0.008725,23.897108,pop
13.733147,11.382054,52.709397,0.042977,26.227038,pop
13.919153,10.396473,51.257671,0.378174,17.526497,reggae
13.615047,12.687584,92.074612,0.581676,38.908247,reggae
13.618931,12.057110,66.489267,0.178199,35.906509,reggae
13.771898,10.859649,73.802532,0.097884,33.642555,reggae
13.630148,11.899191,59.863236,0.018073,29.504329,reggae
13.821689,10.678958,50.828145,0.239067,19.215295,reggae
13.826018,11.171126,52.696028,0.198915,22.051354,reggae
13.917593,10.303953,70.633453,0.280650,31.237685,reggae
13.812212,10.602497,61.789789,0.049700,25.104686,reggae
13.688391,11.641224,68.057696,0.030383,22.582407,reggae
13.176316,15.338526,102.268897,0.036077,35.042463,reggae
13.476482,12.867781,74.430513,0.161428,24.531452,reggae
13.483275,12.518431,62.680443,0.018260,29.300556,reggae
13.794695,10.901357,60.252822,0.086806,20.191960,reggae
13.591473,12.208246,88.374467,0.056682,25.995228,reggae
13.873398,10.611680,57.188348,0.280374,28.115772,reggae
14.417526,6.857051,39.495955,2.700825,13.903159,reggae
13.961325,9.919606,61.955876,0.051383,32.886736,reggae
13.677958,12.102042,81.318149,0.257315,37.204595,reggae
13.800966,11.245781,66.144751,0.062488,29.289956,reggae
14.123712,8.803613,50.774754,0.152823,21.362348,reggae
13.986722,9.863659,60.863178,1.001048,27.941770,reggae
14.438233,6.564503,36.032555,0.295569,12.733334,reggae
13.877147,10.152144,44.916418,0.101674,19.948110,reggae
13.886452,10.275932,65.466863,0.187722,31.412087,reggae
13.920559,10.407260,84.794115,0.039096,38.450126,reggae
13.930693,10.063862,61.017771,0.106516,28.141316,reggae
13.256021,13.225158,66.093070,0.076556,31.439514,reggae
13.474374,12.157109,69.850174,0.075197,33.562871,reggae
13.806268,10.630396,59.097886,0.327284,28.598522,reggae
13.647067,11.387819,69.863542,0.162698,32.482764,reggae
13.399834,12.237590,73.025605,0.258540,35.145331,reggae
12.969474,14.885944,81.455007,0.148724,44.307529,reggae
13.609369,11.653739,77.120187,0.023922,38.404582,reggae
13.357493,13.185013,64.029118,0.178305,34.890628,reggae
13.109217,14.269691,83.426154,0.029471,44.317960,reggae
12.612832,17.204896,90.861482,0.155709,47.049570,reggae
12.986071,13.350864,69.793410,0.013347,33.932744,reggae
13.599008,11.507178,73.785839,0.053940,39.360962,reggae
13.091447,14.985712,79.872677,0.025748,36.823487,reggae
13.071719,15.043370,70.528959,0.002022,23.352768,reggae
14.399474,6.695375,43.675496,0.212392,13.772453,reggae
13.506042,13.294317,74.438309,0.163644,26.832506,reggae
14.071282,9.842537,65.668498,0.228386,25.445801,reggae
14.009272,9.498215,54.968024,0.138441,27.110304,reggae
13.985643,10.059952,49.512478,0.075010,20.016010,reggae
14.222162,8.441730,38.346890,0.728723,15.986306,reggae
13.989615,10.115478,57.028399,0.071009,20.140121,reggae
14.283314,7.821964,41.252712,0.603757,17.236789,reggae
14.197459,8.210382,39.468394,0.331231,14.303754,reggae
13.775172,11.295101,66.641805,0.222692,31.536002,reggae
13.617509,11.358392,36.102899,0.175282,19.355059,reggae
13.774394,11.585986,54.066483,0.288437,24.954742,reggae
12.956457,15.470992,92.502034,0.025028,43.499453,reggae
13.815219,10.687794,69.968109,0.280723,34.875080,reggae
14.463637,6.359566,38.844301,3.113704,19.660796,reggae
13.875621,10.681237,47.975343,0.341976,17.757526,reggae
13.882867,10.565153,61.243124,0.158307,23.902618,reggae
13.906158,10.474327,68.039302,0.050939,18.111700,reggae
14.216688,8.275169,42.839678,0.454860,19.270082,reggae
13.101251,15.579932,88.824346,0.102902,35.337932,reggae
14.298003,7.400657,37.150933,0.055204,16.924832,reggae
13.481504,13.386364,76.880997,0.196066,35.671292,reggae
13.803692,10.974187,61.202934,0.125885,28.384133,reggae
14.354156,7.091675,30.243997,0.291787,13.676618,reggae
14.037995,9.412292,44.519329,0.163872,21.651426,reggae
13.936965,10.538941,62.259742,0.156687,30.937978,reggae
14.286423,7.779161,43.926285,1.316475,22.221583,reggae
13.892111,10.857193,59.001270,0.761325,22.184659,reggae
14.275942,7.960583,48.270850,0.240235,16.056621,reggae
14.334371,7.163153,45.630042,0.277311,18.774180,reggae
13.723897,12.095851,70.816989,0.073470,31.310473,reggae
13.740490,11.407693,59.476098,0.085561,25.754498,reggae
14.581912,5.046743,34.221832,0.743059,14.547770,reggae
14.582426,5.047639,34.222699,0.778032,14.548130,reggae
13.899696,10.834869,57.113585,0.411724,18.311221,reggae
14.071248,9.139760,46.172137,0.108944,20.567895,reggae
14.233652,8.010082,41.256613,0.718981,15.359145,reggae
14.212837,8.300184,44.043966,0.232845,19.483654,reggae
13.229933,13.996961,71.408717,0.305003,30.677343,reggae
13.488968,12.900463,63.512940,0.044253,27.833496,reggae
13.258679,13.511614,67.864144,0.044249,29.207289,reggae
13.258679,13.511614,67.864144,0.044249,29.207289,reggae
13.493777,13.525615,84.427613,0.519893,14.901909,reggae
14.215678,8.096559,46.692838,0.630498,18.506371,reggae
13.807199,10.996228,58.223610,0.105677,20.318546,reggae
14.045081,7.744213,24.756176,0.258014,11.075992,reggae
13.670041,11.955491,58.607797,0.065909,25.322346,reggae
14.100297,8.992685,59.885507,0.376477,29.637990,reggae
14.090205,9.114995,37.905257,0.339591,14.866732,reggae
13.727831,11.785184,69.937113,0.454303,25.957469,rock
14.215737,8.465783,42.897293,0.047382,13.420101,rock
13.590538,11.804090,54.816248,0.129539,27.055209,rock
13.950367,10.277418,61.452124,0.233877,28.143322,rock
14.596612,4.950591,28.564411,1.796208,11.092802,rock
14.420601,6.783958,39.863333,0.912417,14.178946,rock
14.376760,7.236257,31.397258,0.118411,13.085610,rock
14.136254,9.329491,53.697664,2.025716,21.643503,rock
14.707850,3.066938,27.579785,6.638801,4.939555,rock
13.729744,12.215553,83.862037,1.981859,37.138802,rock
14.119501,8.777082,53.085590,0.845901,25.369961,rock
14.443147,6.625662,52.021400,2.466059,18.291305,rock
13.635977,11.856417,66.729919,0.592655,32.409172,rock
14.248902,8.177502,47.007089,1.110583,19.915453,rock
13.298358,13.437116,96.519565,0.004479,39.632725,rock
12.755415,17.920584,128.753163,0.383538,56.166528,rock
14.583006,4.652827,34.896737,5.596400,13.207845,rock
14.516778,5.574727,40.465214,2.993930,13.858665,rock
14.268979,8.081701,51.321526,1.270003,22.095706,rock
14.228379,8.317542,47.464624,0.919815,19.890616,rock
14.344190,7.462334,48.256696,2.507855,15.982283,rock
14.348955,7.722329,48.642594,1.938791,24.136091,rock
14.404404,6.790341,40.962576,0.836054,16.186329,rock
14.376305,7.377643,39.343067,1.924877,14.736259,rock
14.447808,6.345495,37.183005,1.119908,13.986144,rock
14.449575,6.362755,32.577612,2.735661,13.434039,rock
14.518720,5.829164,34.728493,3.426536,13.852284,rock
14.610871,4.570520,24.240423,1.153037,9.088667,rock
14.537761,5.404072,30.515808,1.228966,11.960945,rock
14.583894,4.961378,33.532685,3.010564,9.213872,rock
14.492215,5.825601,34.477138,2.202239,10.345927,rock
13.905919,10.373506,59.584321,0.030837,23.226241,rock
14.385064,5.628015,33.186404,1.707804,10.894176,rock
14.324540,7.718338,48.913652,1.602090,14.100153,rock
14.533196,3.656313,24.742209,4.945415,7.891931,rock
14.627241,4.511366,33.583088,2.726015,8.831764,rock
14.505717,4.418216,27.580892,1.405316,9.423578,rock
14.344286,7.217178,39.724207,1.656260,15.561931,rock
14.395129,7.157470,40.638431,0.776068,14.897972,rock
14.452815,6.240981,43.263502,0.765893,12.685210,rock
14.128483,8.762195,40.220076,0.259051,17.109190,rock
14.348370,7.085555,37.848372,0.447798,14.771096,rock
14.082673,9.287380,49.214402,0.943347,23.572407,rock
14.104838,9.332505,46.396819,0.056815,14.342524,rock
14.488315,6.380796,48.304508,2.433711,16.382727,rock
14.431950,6.866332,38.184882,1.004786,12.873437,rock
14.279121,7.980145,51.711242,0.243417,26.064545,rock
14.267132,7.834085,43.021362,0.369383,19.210790,rock
14.636593,4.333437,31.500223,3.695437,9.095659,rock
13.931705,10.713789,63.102954,0.840244,21.720321,rock
13.598413,12.385741,74.873947,1.219040,27.657675,rock
14.343440,7.295799,40.634559,2.075638,18.121398,rock
13.480192,12.543827,66.277898,0.102358,21.352715,rock
14.488364,6.088674,35.008421,4.313720,14.455258,rock
14.128313,9.602333,72.943884,1.043490,24.693410,rock
14.274958,8.336077,46.370357,1.276441,17.004542,rock
14.411499,7.117889,53.946142,2.295384,22.144939,rock
14.420737,6.664551,38.902512,2.089327,14.181243,rock
14.647048,4.089662,27.139523,4.502927,5.772996,rock
14.411747,6.857925,40.405486,3.864247,18.475549,rock
14.458656,6.333887,38.500585,2.222086,16.361969,rock
14.464684,6.323397,35.869016,2.438407,13.238954,rock
13.851500,10.835759,61.358903,0.713252,30.069709,rock
14.232998,9.025533,47.540603,0.719166,12.279506,rock
14.148980,8.958901,44.764834,0.250146,17.338107,rock
14.315426,7.565057,44.703589,0.673047,15.844403,rock
13.304912,13.992184,87.557116,0.054525,39.152544,rock
13.975365,9.787887,57.458868,0.168790,28.741930,rock
14.488297,6.279462,33.092946,0.795244,11.633090,rock
14.222808,8.671223,66.188172,0.460263,18.785316,rock
13.770590,11.678794,78.982178,0.721545,38.625669,rock
14.220947,8.000850,45.035307,0.695984,17.989805,rock
14.351413,7.415993,43.909995,0.575137,19.154590,rock
14.323460,7.345139,42.609104,1.399215,19.657397,rock
14.324147,7.529992,46.085919,2.240228,17.849328,rock
14.133610,8.489355,45.725947,0.709079,18.887095,rock
14.270590,8.222526,50.145957,0.925233,18.475013,rock
14.142781,8.640585,49.640445,0.607984,23.445218,rock
14.246361,7.973504,49.863596,0.529713,23.061544,rock
14.491571,6.148341,39.083587,3.469298,14.464046,rock
14.398817,7.016647,41.398239,1.756009,16.011595,rock
14.122076,9.131433,49.120857,0.011479,20.026280,rock
14.251945,8.012372,47.128892,0.143879,19.132713,rock
14.465492,6.115695,41.924020,3.290138,19.031393,rock
14.439585,6.418524,32.349378,2.243104,12.948707,rock
14.007504,10.160259,50.424070,0.329080,13.030453,rock
13.514586,12.544744,58.117002,0.027713,20.775890,rock
14.539691,5.277922,37.134507,4.452524,13.202967,rock
14.042103,9.232529,42.088192,0.070379,13.162201,rock
14.151210,8.821365,51.762900,0.941058,25.221753,rock